.Random.seed <-
c(403L, 10L, -169286508L, 894964503L, 848108813L, -1648288732L, 
-598791158L, 1838289269L, -845961009L, -366736426L, -656833664L, 
-194029629L, 1040613729L, 1555449808L, -192164050L, -1680444711L, 
-476524309L, -1602567846L, 297380636L, -783016417L, 2034263669L, 
945623820L, 806293218L, 42902461L, 882562103L, -490801442L, -717143528L, 
1127943547L, -2005744359L, 129583528L, 1253457238L, -357614127L, 
48969091L, -12637166L, -1492777052L, 1443921767L, 1559968957L, 
1909103668L, -1376227430L, 2046749669L, 903178111L, 2004637446L, 
-225255280L, 44300595L, -979235119L, 1168620672L, -1822380706L, 
-1746361687L, 1381805403L, 1098674026L, 881731084L, -1652330929L, 
409674501L, 241595324L, -740555118L, -2132097651L, -1192602169L, 
-588159314L, 1435651848L, 1391824139L, -1150866455L, -1877324616L, 
-1998566554L, -1221320703L, -2004226413L, -1592708798L, -1797382412L, 
234662647L, -1849795859L, -1311451772L, -1750049878L, 381108501L, 
-1256813649L, -588270666L, 987007456L, -192370397L, 321797697L, 
1755492656L, 282026830L, 6883769L, 975434699L, -1264981894L, 
210164092L, -571389505L, 697902741L, -1604092756L, 725460610L, 
-142905763L, -999780009L, 412793918L, 2089734264L, -410625189L, 
-344234311L, 1703877384L, -1209798218L, 1020112625L, -1013167837L, 
-1877329038L, 1731948996L, -1488606841L, -1357761699L, 634338644L, 
-385126534L, -871145787L, 1885065247L, -891226202L, 1380624688L, 
2018739155L, 989149681L, -1361371360L, -2003953218L, 765987273L, 
310439291L, -1746764982L, 401042348L, -1247522129L, -1323872155L, 
-1626939364L, 630287986L, -420884243L, -1133125337L, 378531150L, 
1373642152L, 490809771L, -1192680759L, 1003635416L, 785100678L, 
-1935596959L, -1904763917L, 1740942946L, -33933100L, -773439017L, 
189793229L, -272758940L, -642436278L, 1304646325L, 1062257167L, 
-1747631338L, -1481560640L, -1087844989L, -1933507679L, -1934230640L, 
-557668242L, 1849617945L, -1487189L, -2021600614L, 1352887900L, 
400427871L, -375872203L, -2003847988L, -1197130206L, 1536651389L, 
800074103L, -1079310690L, -1964055208L, 1639376059L, 1327790681L, 
70894056L, 1898927126L, -1073922159L, -137527229L, 2028365650L, 
893799396L, 1219228199L, -1283659139L, 195097460L, 651136858L, 
-460420699L, 788211135L, 589583942L, 28390608L, 1585721075L, 
1895421969L, -748609984L, -131730914L, -1864286999L, 719046171L, 
85767722L, -1701263028L, -1646300401L, 1695548997L, 564256764L, 
-22763950L, 1936661453L, -759425657L, -1695788946L, -1108457400L, 
-1799583157L, 259352489L, -559044872L, 1100091942L, -726906047L, 
-1450086189L, 1101558914L, -1392758092L, 355255863L, -1660015315L, 
1516406340L, 415988586L, 1322764245L, -702783121L, -1970787210L, 
-316168288L, 232226915L, -1176599295L, 1078380656L, -88132594L, 
1306829945L, 1859654667L, -208511686L, 2132548668L, -1258259585L, 
-392025899L, 2076044524L, 334030402L, 393247133L, -1345274857L, 
2075115902L, 1453086520L, 781287451L, 766824825L, 1380267976L, 
602545142L, -1155338703L, 460482659L, 1421092914L, 1688790404L, 
-1521292345L, -1731608931L, -1867529404L, -226438568L, 1186126394L, 
1605304048L, -557980484L, -842312172L, -1973077822L, 115587168L, 
-981330564L, 1385780432L, 535125026L, -1756798296L, -1408755828L, 
786985404L, -1053805518L, 1086666560L, 1553504436L, 1853967176L, 
815880890L, -1223256304L, 38641900L, -875821996L, 287444754L, 
150674336L, -182980660L, -1608299680L, -1701785406L, -290232792L, 
958842284L, 319921980L, 1073780594L, 383724336L, -1799966172L, 
-601876424L, 1108190426L, -1050777200L, -354547972L, -1233858668L, 
1226378050L, -1827003904L, -452257220L, -1457570224L, -101254494L, 
-934569144L, -1095761396L, 1991613660L, 1362152018L, -26859392L, 
511511380L, 1877678568L, 913472250L, -625948848L, -1225819092L, 
1003521396L, -775383406L, 2112842336L, 406893196L, -844788896L, 
-161295646L, 1030357160L, -1368903476L, 721435132L, -406495310L, 
244319728L, -124254780L, -901697704L, -771925126L, 1989121456L, 
-353420868L, -1865590700L, -568595518L, 233816864L, 1541128124L, 
416098896L, 489725410L, -1311682200L, 1720892748L, -1307354884L, 
942535410L, 837715712L, 2095064692L, 948721672L, 760490426L, 
675432400L, 1321351660L, 1716166548L, -78294318L, -1954914720L, 
1714615628L, 625968416L, -1873603966L, -587154968L, -256530452L, 
-1122326980L, -66216334L, 1847264112L, 541600036L, 361534008L, 
-2040319590L, -743581232L, -607986244L, 1229314196L, 1184808066L, 
1557181888L, 367911740L, -2002791280L, 553243426L, 1489268232L, 
-1537639156L, -1981147748L, 513367570L, 1022413696L, 655344404L, 
1328845096L, -1017181126L, 1259314128L, 692220524L, 645425716L, 
-211797358L, -2082898592L, 1579039052L, -552695840L, -1409505886L, 
-2058211928L, 1433216652L, 401780156L, -902787470L, -532096016L, 
-832678332L, 708257880L, 1520212026L, 1980618864L, -1826330564L, 
-1488266988L, 1968198338L, 1413918432L, -385935236L, 1446506192L, 
-2077570654L, 2108203048L, -13898996L, -189877828L, -1426967758L, 
1467300544L, 1699169332L, -1500281144L, -1454381894L, 1304807056L, 
-1082339604L, -1995339180L, 705110674L, 1303875872L, -1502996020L, 
-614755616L, 1069369538L, -102034392L, 1309296556L, 1621013180L, 
-1539970062L, -419828176L, 537073572L, -69640776L, -438491302L, 
-1232404336L, 455988092L, 345080084L, 976349506L, -974710528L, 
1885261244L, -506615472L, 1501468962L, 1790468680L, -2078636020L, 
2079336028L, 1011128786L, -1991119360L, -1537389228L, 1260403944L, 
1171634426L, -10412336L, -1511736532L, -617436940L, -997113454L, 
1614972256L, -1731009524L, 1596808416L, 1510609506L, 577942696L, 
586146892L, 1248808828L, -492787406L, -1065606544L, -365030588L, 
-348509224L, -1506624646L, -635963344L, 52678588L, -930948524L, 
-1691598782L, 1910916768L, -1302383940L, -52239408L, -1988766366L, 
-437707032L, -2110178100L, -832255492L, 2129219058L, 2039831680L, 
1071950324L, 841249416L, -1057096902L, -455375536L, 853099628L, 
-1303249516L, -1772877742L, -1575506464L, 864904396L, -1245393248L, 
1142980994L, -1349447448L, 1941383916L, 622001468L, 386730098L, 
-1806871952L, 2083412516L, 1192806456L, -266254054L, 117465472L, 
-78596130L, -1992986453L, 1888646061L, 867350554L, -266379560L, 
1130688321L, 1069567987L, 1350046228L, 2079439778L, -363895625L, 
-1877733759L, 628496006L, 151113412L, 208138229L, 322221663L, 
-1199451976L, 660288918L, -1829816413L, -639648923L, -2121622910L, 
-2027776016L, -1006292583L, 1918427019L, 643439228L, -481458006L, 
1626761951L, -1361078167L, -27291010L, 65972844L, -563419459L, 
2016271239L, 1388646256L, -555387378L, -136123589L, -39684067L, 
1201504458L, -1634034712L, -1517401903L, -794356541L, 755788740L, 
-1635053454L, 1457316167L, -807138031L, 1328437398L, 598818292L, 
-1170968699L, -1147081009L, -1174901816L, 881699430L, -191679341L, 
-508134411L, 930725330L, 1209028128L, 264908809L, 26649915L, 
-316299124L, -570743526L, 911051663L, 1760343257L, 2132392814L, 
127384316L, 1463224429L, 1278641175L, 1950709216L, -575479362L, 
1448195979L, 150288397L, 53162042L, -1568792456L, 1777216545L, 
984403667L, -1266053644L, 2038361730L, -419599593L, -1822258719L, 
-82421978L, -307887580L, -712248107L, 935666815L, -1370044136L, 
177084470L, -586019133L, 17507077L, -109902174L, 1077494928L, 
632583225L, -1013437205L, -259289636L, 93811722L, 1249501951L, 
-581420215L, 1637798110L, -526315892L, 444738141L, 1364502631L, 
-1865173616L, 1695225262L, 426487899L, -1838565315L, 132259498L, 
1783278408L, -812908687L, 1011992803L, -1798590492L, -1259575534L, 
-2051589401L, 926047409L, 1713557238L, -594675436L, -1873625563L, 
2140984111L, -1384590104L, 820884934L, 384242803L, 1100136149L, 
-269081422L, 1099671680L, 1268941929L, -1670328101L, -1585769428L, 
-1417212870L, 686627567L, -1103346311L, -672654834L, 455412700L, 
834348109L, -965560393L, 400140608L, 1671147550L, -1734125845L, 
753464941L, 1356250842L, -1868259688L, -962231039L, 1711418035L, 
1310623188L, 1682445538L, 927178103L, 816448705L, 1413855302L, 
-853088380L, 1732206901L, 1184964383L, -824028552L, -1417353386L, 
1024157155L, 2076720037L, 439355970L, -130217936L, -693572519L, 
